0 0.46796875 0.70390625 0.109375 0.33671875
0 0.56796875 0.7125 0.0953125 0.33125
0 0.28359375 0.746875 0.06171875 0.36328125
0 0.346875 0.7390625 0.1046875 0.36015625
0 0.18984375 0.759375 0.12734375 0.31015625
0 0.06484375 0.7546875 0.12890625 0.371875
0 0.7867344015625 0.5580249421875 0.8957433015625 0.756520075 0.9203581 0.845608509375 0.9719322937499999 0.8049716171875 0.864095425 0.52207701875 0.7867344015625 0.5580249421875
0 0.8723005359375 0.6455503859375 0.7505861390625 0.6039062515625 0.8336199343749999 0.8799934437499999 0.8887104000000001 0.8581120671875 0.9109809578125001 0.7346387 0.8723005359375 0.6455503859375
0 0.6758499140625001 0.5980468765625 0.7503980421875001 0.8659268359375 0.8207263421875 0.814349434375 0.74453735 0.5705286187499999 0.6758499140625001 0.5980468765625
0 0.586459528125 0.5726562515625 0.6214628265625 0.8549862062500001 0.6941353671875 0.8315419015625001 0.6542827359375 0.5674026999999999 0.586459528125 0.5726562515625
0 0.7328159671875001 0.859674996875 0.7007619890625 0.5570312515625 0.649594253125 0.540832475 0.66952056875 0.867489765625 0.7328159671875001 0.859674996875