0 0.0421875 0.74296875 0.08359375 0.2859375
0 0.12265625 0.71015625 0.0421875 0.2484375
0 0.21640625 0.69140625 0.05703125 0.2765625
0 0.1609375 0.725 0.065625 0.234375
0 0.28125 0.684375 0.08359375 0.30625
0 0.3328125 0.6796875 0.10625 0.234375
0 0.41796875 0.675 0.08125 0.24375
0 0.5 0.6640625 0.07890625 0.21875
0 0.56015625 0.65234375 0.0875 0.2609375
0 0.60078125 0.63984375 0.09921875 0.2359375
0 0.7644636671875 0.5095734015625 0.68358619375 0.53301770625 0.7128896515625 0.6299208484375 0.74453735 0.6908760078125 0.7925950937499999 0.708068534375 0.7644636671875 0.5095734015625
0 0.621629515625 0.5316406265625 0.6941353671875 0.7424534671874999 0.759775184375 0.731512840625 0.6425613515624999 0.5283288578125 0.621629515625 0.5316406265625
0 0.5734051734375 0.54395839375 0.6378728703125 0.731512840625 0.6802461625 0.7386718765625 0.6906190953125 0.7174462328125 0.622634946875 0.5298917859375 0.5734051734375 0.54395839375
0 0.8101771687499999 0.7377646796875 0.8723005359375 0.6986907765625 0.8238569484375 0.4945312515625 0.8090049578125 0.5001957015625 0.7668080859375 0.5392695437499999 0.8101771687499999 0.7377646796875
0 0.9121531671875 0.6893131968749999 0.85169985625 0.4906250015625 0.7961115453125001 0.4783143265625 0.8535462515625 0.7033796859375 0.9121531671875 0.6893131968749999
0 0.975448565625 0.6596169328125 0.8912660921875 0.4906250015625 0.8383084171874999 0.5173881687499999 0.940284415625 0.715883303125 0.975448565625 0.6596169328125
0 0.9000585890625 0.4750000015625 0.9731043234375001 0.7033796859375 1 0.6783723890625 0.941456625 0.4783143265625 0.9000585890625 0.4750000015625