0 0.109375 0.6171875 0.0796875 0.221875
0 0.215625 0.62734375 0.06640625 0.1953125
0 0.29921875 0.63203125 0.07265625 0.2015625
0 0.35234375 0.6328125 0.03359375 0.190625
0 0.3890625 0.6328125 0.07578125 0.190625
0 0.4390625 0.64921875 0.0453125 0.19609375
0 0.4828125 0.62109375 0.0671875 0.17109375
0 0.54453125 0.63671875 0.05703125 0.20546875
0 0.62109375 0.640625 0.07265625 0.221875
0 0.67890625 0.615625 0.0796875 0.25390625
0 0.71875 0.615625 0.084375 0.203125
0 0.8109375 0.60546875 0.0671875 0.2296875
0 0.8890625 0.62578125 0.1125 0.1921875
0 0.96015625 0.6015625 0.0796875 0.1875