0 0.9515625 0.71015625 0.09609375 0.32421875
0 0.890625 0.74921875 0.09921875 0.3078125
0 0.7703125 0.72890625 0.05703125 0.24375
0 0.7359375 0.7359375 0.11875 0.24765625
0 0.56796875 0.68828125 0.10546875 0.26015625
0 0.4859375 0.68203125 0.10234375 0.25078125
0 0.3984375 0.7046875 0.0890625 0.27578125
0 0.35625 0.7140625 0.06171875 0.23515625
0 0.2796875 0.68828125 0.11875 0.26015625
0 0.20859375 0.6953125 0.11015625 0.2109375
0 0.175 0.6859375 0.05703125 0.1890625
0 0.11484375 0.66796875 0.1109375 0.19921875