0 0.1390625 0.5703125 0.05546875 0.30390625
0 0.1875 0.56875 0.11171875 0.39375
0 0.25546875 0.559375 0.0796875 0.30234375
0 0.3390625 0.56484375 0.0625 0.2890625
0 0.3921875 0.559375 0.03515625 0.2515625
0 0.4515625 0.603125 0.04765625 0.2984375
0 0.48671875 0.571875 0.0359375 0.22578125
0 0.53984375 0.5484375 0.13515625 0.2359375
0 0.60625 0.5578125 0.09921875 0.19765625
0 0.6546875 0.5390625 0.0953125 0.22109375
0 0.76328125 0.54765625 0.1125 0.31171875
0 0.81640625 0.5546875 0.0921875 0.19140625
0 0.85625 0.5578125 0.0984375 0.20859375
0 0.953125 0.53203125 0.09375 0.27109375