0 0.22572585156249997 0.5949537312500001 0.2509232796875 0.553274934375 0.26503385625 0.429583103125 0.15398183125 0.38844086093749997 0.0584149359375 0.61108740625 0.10377030937500001 0.7374682515625001 0.201536303125 0.7092341656250001 0.22572585156249997 0.5949537312500001
0 0.38799727968750003 0.34757006874999996 0.3077116703125 0.3497983890625 0.22270220625 0.6702444859375001 0.26906545937500004 0.74956845625 0.4010999734375 0.4712619 0.38799727968750003 0.34757006874999996
0 0.4958423234375 0.6003316046875 0.4837475109375 0.46588397343750004 0.5119686625 0.43630548437499994 0.5260792375000001 0.37177063125 0.4867712328125 0.359670375 0.42428163906250005 0.43630548437499994 0.309381346875 0.6500773421875 0.3607840875 0.7294013109375 0.467621171875 0.73881270625 0.4958423234375 0.6003316046875
0 0.45754219999999995 0.4268941921875 0.4726606578125 0.487395625 0.5039054546874999 0.8329260484375001 0.5492608265625 0.7670466890625 0.5230555156250001 0.40403808437500005 0.45754219999999995 0.4268941921875
0 0.57445825625 0.3784930140625 0.4958423234375 0.41882730312499994 0.5825214640625 0.816792271875 0.6470268984375 0.8181368296875 0.563508040625 0.42876344218750007 0.5936083171875 0.42554968437499996 0.5936083171875 0.3905933203125 0.57445825625 0.3784930140625
0 0.714555978125 0.37177063125 0.602570540625 0.37331989375 0.577481978125 0.5747865859375 0.651058425 0.7522574703125 0.678271771875 0.432272065625 0.714555978125 0.37177063125
0 0.7256429078125 0.40672704687500005 0.6853270218749999 0.410760465625 0.6480348578124999 0.42554968437499996 0.6794354609375 0.6757392484375 0.73773764375 0.75494638125 0.7992194328125 0.710578725 0.74680865625 0.5129406453125 0.7256429078125 0.40672704687500005
0 0.8153456953125 0.7643577765625 0.800403203125 0.39516129218749996 0.7286666312500001 0.3919377765625 0.7649508359375 0.7589798515624999 0.8153456953125 0.7643577765625
0 0.9463723265624999 0.5694087624999999 0.9090801624999999 0.37177063125 0.8465905687499999 0.35429245 0.8419858640625 0.359879034375 0.7982114734375 0.6030206703125 0.8546537765625001 0.7562908375 0.9302460640625 0.73343478125 0.9463723265624999 0.5694087624999999
0 0.8848906921875 0.3892488140625 0.9594750203125001 0.7428460734375 0.99777514375 0.7804914515625 0.9957593796875001 0.62722113125 0.9572372890624999 0.4069023859375 0.8848906921875 0.3892488140625
0 0.06640625 0.5203125 0.1328125 0.3109375