0 0.91484375 0.55625 0.0796875 0.30234375
0 0.83515625 0.55859375 0.08984375 0.30703125
0 0.75078125 0.5671875 0.1046875 0.334375
0 0.6484375 0.5515625 0.103125 0.27578125
0 0.53515625 0.5453125 0.09453125 0.2765625
0 0.46015625 0.5375 0.06328125 0.27421875
0 0.4328125 0.52734375 0.09296875 0.25390625
0 0.30546875 0.5203125 0.13125 0.2703125
0 0.2265625 0.525 0.13125 0.27265625
0 0.19296875 0.5109375 0.14609375 0.1875
0 0.12890625 0.50859375 0.11640625 0.2203125
0 0.11171875 0.49375 0.08203125 0.12265625
0 0.04453125 0.52265625 0.08828125 0.24140625