0 0.534375 0.62578125 0.10390625 0.47421875
0 0.5875 0.6265625 0.0671875 0.4421875
0 0.703125 0.640625 0.16640625 0.45390625
0 0.82265625 0.63515625 0.1671875 0.34921875
0 0.83828125 0.60703125 0.20546875 0.32890625
0 0.934375 0.590625 0.13125 0.3578125
0 0.96328125 0.4765625 0.0734375 0.19609375
0 0.4203125 0.61640625 0.0890625 0.47578125
0 0.3203125 0.61875 0.13515625 0.53828125
0 0.22890625 0.5953125 0.1375 0.41328125
0 0.14609375 0.6296875 0.1640625 0.48984375
0 0.0546875 0.58125 0.109375 0.446875