0 0.96328125 0.55859375 0.0734375 0.3796875
0 0.90234375 0.5203125 0.1640625 0.5015625
0 0.775 0.53828125 0.07890625 0.34375
0 0.7109375 0.54609375 0.11796875 0.33515625
0 0.59453125 0.54453125 0.0796875 0.3859375
0 0.5328125 0.55859375 0.096875 0.44375
0 0.41015625 0.57890625 0.125 0.46796875
0 0.33359375 0.53984375 0.09921875 0.35234375
0 0.22890625 0.51640625 0.12734375 0.4390625
0 0.146875 0.53984375 0.11484375 0.43046875
0 0.040625 0.51015625 0.08125 0.3234375
0 0.04375 0.44140625 0.0875 0.1296875