0 0.94296875 0.58515625 0.1140625 0.2515625
0 0.8828125 0.575 0.10390625 0.2328125
0 0.8328125 0.59609375 0.1421875 0.2609375
0 0.76015625 0.515625 0.06015625 0.24765625
0 0.68203125 0.55703125 0.03515625 0.25
0 0.63359375 0.5640625 0.06953125 0.26640625
0 0.5640625 0.55234375 0.0359375 0.26796875
0 0.525 0.559375 0.04453125 0.278125
0 0.46484375 0.5609375 0.0703125 0.24453125
0 0.38828125 0.5515625 0.04296875 0.19140625
0 0.3328125 0.55625 0.04765625 0.23515625
0 0.27265625 0.53671875 0.0578125 0.25
0 0.1390625 0.5359375 0.10546875 0.31171875
0 0.125 0.525 0.0984375 0.21875
0 0.03203125 0.53828125 0.0640625 0.2484375