0 0.34765625 0.6546875 0.03203125 0.25703125
0 0.3859375 0.65390625 0.046875 0.22109375
0 0.46875 0.6421875 0.06015625 0.27578125
0 0.57265625 0.65078125 0.05078125 0.28046875
0 0.6234375 0.65 0.0421875 0.234375
0 0.68203125 0.6421875 0.096875 0.25859375
0 0.72890625 0.6859375 0.06875 0.23203125
0 0.7921875 0.65390625 0.084375 0.22890625
0 0.83984375 0.665625 0.059375 0.225
0 0.89921875 0.68125 0.084375 0.2125
0 0.93984375 0.665625 0.1203125 0.2859375
0 0.125 0.66953125 0.14140625 0.3
0 0.2890625 0.609375 0.1078125 0.28671875
0 0.06796875 0.67265625 0.11640625 0.29609375
0 0.034375 0.61484375 0.06640625 0.14765625