0 0.03203125 0.515625 0.05546875 0.21015625
0 0.07265625 0.51484375 0.0671875 0.203125
0 0.1421875 0.5171875 0.096875 0.20703125
0 0.19375 0.50625 0.053125 0.2421875
0 0.25625 0.5203125 0.07265625 0.22734375
0 0.34921875 0.51640625 0.0859375 0.20546875
0 0.40234375 0.50703125 0.06875 0.15234375
0 0.4390625 0.5046875 0.0296875 0.1859375
0 0.54921875 0.52265625 0.11484375 0.225
0 0.57421875 0.52109375 0.06328125 0.140625
0 0.62421875 0.51171875 0.05 0.153125
0 0.6421875 0.5265625 0.03203125 0.171875
0 0.67109375 0.51328125 0.0265625 0.165625
0 0.6984375 0.53359375 0.0359375 0.19609375
0 0.7125 0.53125 0.025 0.140625
0 0.74453125 0.53203125 0.03359375 0.11875
0 0.7453125 0.5 0.01953125 0.109375
0 0.7921875 0.5203125 0.046875 0.1390625