0 0.09296875 0.553125 0.18359375 0.39296875
0 0.1859375 0.5203125 0.11015625 0.32734375
0 0.32578125 0.54453125 0.13203125 0.32890625
0 0.42109375 0.5546875 0.078125 0.3703125
0 0.48671875 0.575 0.0984375 0.39296875
0 0.57890625 0.52265625 0.146875 0.3359375
0 0.65078125 0.5359375 0.0921875 0.321875
0 0.73125 0.5078125 0.11796875 0.3734375
0 0.79453125 0.4890625 0.1265625 0.3546875
0 0.81484375 0.50234375 0.19453125 0.38515625
0 0.90703125 0.525 0.13046875 0.30078125
0 0.95234375 0.51015625 0.0953125 0.3140625
0 0.028125 0.50078125 0.05546875 0.14296875