0 0.85546875 0.8015625 0.17734375 0.39609375
0 0.7625 0.75859375 0.1140625 0.38359375
0 0.67109375 0.7625 0.14765625 0.38515625
0 0.62734375 0.72421875 0.1546875 0.328125
0 0.52578125 0.70859375 0.16640625 0.2703125
0 0.38984375 0.6859375 0.18359375 0.253125
0 0.26328125 0.64921875 0.2078125 0.24296875
0 0.22109375 0.5875 0.22109375 0.18203125
0 0.1546875 0.57421875 0.1546875 0.196875
0 0.1140625 0.56328125 0.13984375 0.17109375
0 0.09375 0.55234375 0.18671875 0.19765625
0 0.05078125 0.5046875 0.08984375 0.11875