0 0.43125 0.49453125 0.0859375 0.28359375
0 0.5421875 0.50390625 0.0828125 0.26484375
0 0.67578125 0.52578125 0.1234375 0.2515625
0 0.7234375 0.4921875 0.103125 0.22421875
0 0.83359375 0.525 0.159375 0.30703125
0 0.934375 0.53515625 0.13046875 0.3234375
0 0.97421875 0.47734375 0.05078125 0.20546875
0 0.325 0.48359375 0.13671875 0.3171875
0 0.2421875 0.5109375 0.084375 0.278125
0 0.16953125 0.50859375 0.13984375 0.3015625
0 0.1328125 0.46484375 0.0953125 0.209375
0 0.06640625 0.49921875 0.0890625 0.25859375