0 0.928125 0.7484375 0.14375 0.35625
0 0.8109375 0.71953125 0.17578125 0.33359375
0 0.70625 0.7421875 0.12734375 0.35078125
0 0.64921875 0.66328125 0.153125 0.275
0 0.5828125 0.6234375 0.15 0.23515625
0 0.4984375 0.61484375 0.13984375 0.26875
0 0.4421875 0.60546875 0.1625 0.23984375
0 0.38125 0.5484375 0.1421875 0.15234375
0 0.35546875 0.54609375 0.146875 0.18125
0 0.3375 0.51484375 0.1109375 0.14921875
0 0.309375 0.50859375 0.10703125 0.18046875
0 0.25078125 0.51015625 0.1015625 0.12890625
0 0.25078125 0.49609375 0.146875 0.1203125
0 0.17890625 0.48515625 0.13828125 0.13359375