0 0.27265625 0.59609375 0.10234375 0.2375
0 0.209375 0.59296875 0.10859375 0.278125
0 0.171875 0.55859375 0.09765625 0.25859375
0 0.38359375 0.58515625 0.08359375 0.26484375
0 0.45546875 0.56875 0.05390625 0.21953125
0 0.509375 0.56328125 0.0375 0.21484375
0 0.584375 0.6046875 0.08125 0.27109375
0 0.71796875 0.58203125 0.12421875 0.24609375
0 0.771875 0.5921875 0.10390625 0.25
0 0.8390625 0.5546875 0.128125 0.19140625
0 0.94140625 0.55625 0.11640625 0.20859375
0 0.97578125 0.49609375 0.0484375 0.14453125