0 0.12265625 0.64765625 0.07578125 0.215625
0 0.21640625 0.63125 0.04140625 0.22109375
0 0.25078125 0.6140625 0.053125 0.18984375
0 0.33984375 0.63203125 0.0484375 0.19140625
0 0.36328125 0.6015625 0.03984375 0.134375
0 0.53828125 0.60703125 0.08046875 0.2046875
0 0.609375 0.5921875 0.04453125 0.16953125
0 0.6703125 0.60859375 0.07578125 0.15078125
0 0.7375 0.57578125 0.053125 0.1671875
0 0.77890625 0.57734375 0.04140625 0.153125
0 0.8265625 0.59765625 0.0609375 0.16328125
0 0.875 0.5796875 0.06796875 0.18671875