0 0.89296875 0.7484375 0.15078125 0.4375
0 0.759375 0.7203125 0.15546875 0.36171875
0 0.65390625 0.71171875 0.121875 0.3640625
0 0.58828125 0.7546875 0.159375 0.3359375
0 0.51015625 0.690625 0.15390625 0.2609375
0 0.43984375 0.6390625 0.17109375 0.30234375
0 0.36015625 0.65625 0.16015625 0.27578125
0 0.28828125 0.6390625 0.13125 0.221875
0 0.2140625 0.63359375 0.2078125 0.215625
0 0.196875 0.58828125 0.1703125 0.23125
0 0.1296875 0.6140625 0.15 0.19609375
0 0.0875 0.5859375 0.175 0.221875
0 0.06640625 0.55703125 0.10703125 0.12890625