0 0.8597368421052632 0.5378947368421053 0.061578947368421094 0.16210526315789472
0 0.8036842105263159 0.5473684210526316 0.044210526315789596 0.16421052631578958
0 0.7476315789473685 0.5789473684210528 0.05210526315789479 0.19789473684210526
1 0.6836842105263159 0.6178947368421054 0.06315789473684219 0.20842105263157898
0 0.610263157894737 0.6410526315789474 0.05842105263157897 0.22947368421052622
0 0.5273684210526316 0.6747368421052633 0.07578947368421055 0.23368421052631574
1 0.4342105263157896 0.7336842105263159 0.08842105263157897 0.2715789473684211
0 0.3497368421052631 0.7747368421052633 0.04263157894736842 0.28631578947368425
0 0.2447368421052632 0.8305263157894737 0.05368421052631582 0.28421052631578947
0 0.11684210526315791 0.8494736842105265 0.15157894736842106 0.2673684210526315
